$ANSIBLE_VAULT;1.2;AES256;otvl
64643039656466653235623030303264656234303261386237383735623436303364626232613634
3939633332656432363066613961653337346434616637330a353432333264356266343436636131
63636165663465663331633539663664346633306563653064386663303663613565303066396662
6131653865396330360a656235346333356162366161633436323531636363626438363666646136
65653539386132363863313131643430353064303133386463346265393965396361663463386631
31323938656564646639336430346661313239383434363435313134653333303862333631396532
37626333383632663133623533343865643836356666383132386463326465326232636264383630
39653263656538356433353436306361336139616164323063326565623661656531346663336331
62396561393962386339303038306466366436346433653439613664636632653732643634353761
38303661303333323062616137396137383066633866363839353539613138306638396632653236
64383134313136633030343038313639633939616433613730386366616635656432333862616233
62616565356432626563656162303461643637623234356561313937643234353636303938343263
32373239343265613533353933396531363363383737323735383837333134396136666266356466
66613631636335663237346130393764323964313532636662393961393738626139363264353162
64323130626162393531396261303939336339316637656562663930323736646633333939666466
65383731633764393831353964363432653936666562666532343630393838353164633764306335
63643264363066656462393435303339626532326132653063363562393566666166333133663734
37616532323434323037356662383166623439353466393538386664623065333730366562633962
65616334363437363065663730643835343764656462623330623632306564363337333663333832
32343535633635326437623133353461316631646237393032303132323639643566333238653063
34383238656366613838373431313733633232303135383863313264333964326130356639643563
39343531613933336264336133303332343332336131613665666132303462646339366563343638
63653533396330386438333431396161303231626661633466633632373639336264386162393337
32316637376531613831346363666665333438363036323633366135616464396363303861343837
32633739343833356531323265633866633364303163366666313261346561626439383562636361
36336262313231656233636166306336646366386563353436306134363431393065636631316536
66623565373465383231313061653662656538336636646164656139613731313164653331336530
32343630626637383065356366616562353036663664326364616637613162646436343937636361
62343834393736646536363562353961353035653139386232633232306662353035326433656237
65373230616231613162336466373836363432393838343735336636333436303732303436356535
38303536326539643661353266666637343238383161323065626334643534633265623937656634
36643733623834316538393064616434373437353335303062613230356132623730633239646234
32366161346331353032393432376339326562313363363531633432373661343737626661623637
32636466613530396336363062626237663637383139363165363236313061613762623963373034
62653831663066626562323133356335313535656637653965323562393261346564666365303231
30376466393762356231343938306533663138303961623466613562626335303866356430333866
35383164323130333664323430343539376163373235383464623163383739363537616237373835
34373131343534633131393065356362303935353637396434343636663332313438303666326534
37613630626565663263306563646237363237336133376132346665366332383665376661303933
32346332303738386562636236643562316436393637393036663235363763633531313364326237
38626538393438633730356534633936336533646266396330636162396461323932376465353466
34653663333336366565613366376539346430623635393134306439353331646361363661373331
30666633663662366330333166323062373935343063663233646232353136386239383938323233
37306335623066333831356133666461383939363462373235653530323131643464643634663739
32626361363930303830656232666330613936656438646461646264653333373563383463613438
36633630353839303033396138366131376637656237346662623337373666313163393636323863
34336631323464366536613939616631333137613330323339346639373763363933363538623235
64323230326161623963306330376130356464313930393935393562363934653962333030323765
36313433393939306538633939353933643837363831323330653464633966373934386236396464
65643630386131323339316331386565373964636164663030323339303261323730353063373338
64613038306439386532663165323664656162343539356330623830363565353634663562386166
38653965623864356131663836646231653638623163383563313762313036353563613063396163
37393361363534616231333636333365313632396430356466386137333236386538613933323262
30343434396532666663636335303733313465613037653131623065323234356365363564616331
63653635356636656164623830323764313762636133646233626338666331613062393230373566
31363335343566303237343538643061386433383136303932313166623064346364646332663736
35306535383362356139363939393033643834613837613664303363386134633434663062663435
32353963336139373630386334353838303832636166396233393163323538393339306361373637
66656261636631623039626432666638393538336434613466623566636130326335346239353032
39356466356465656431633666613762306438636234373638373630303739636336343430393632
32343461663766653737393965613466313930313031363766303637633661383366366230376232
66336265393039383166313336336663333733646434343661343832353631336139653035353032
63383964376334626537633133663030626635323236333166393965333435636539386365666138
38323733666665383565656334626133383233636538323237376565373631363239326231633733
61393434333331636230613238663430316561646366383335363235343433643735366134393735
32363038343636626334333830356439626635306330646338626438343164326338613730363337
61303032666336633034643333643636663461383635336530353732363330336530323134326265
32666664643135613239303965333133623134393664396432656564653037613762633933353431
61326461333833663164316234383534626562306634386364666231313763363037313236616338
64623664376435663665353861373438656238376439376434623361353236366166393736613135
33333162323231363032613230393862306635643963623965373833373063633639303136356562
61653064333565386564353761393738343732643363353836666234396461333131353338303566
38343733396531633065363333383566383464633833363166393630326163383832323363393233
61366366666262656134386338393330646266373532393461666634643931353334613037373764
37383139663666376138653064396530663131303637353864326262333965633538303239373938
30623863366661316131346531653839316665636239373564366262613331623931376663363362
37333565323665363039333238653338613061343466393839306133633033353337306230346462
65396337326161633733303865663835353438336339376534353861663432336232306163316364
37366665633730383131656138393130313631346661323533313739616137646432663638666338
37306131386166633862643738373461626430316631376262303639653037626464346164373039
35373465323034346362663862623461356662613330353331373234393762326661376563653035
34633161373766616538363432343639366462613136353839313264306233613633356330626464
39633135636362353535613137373164646339306337306564623966646535313338366466636639
62366637316333316265633937346263303465653662393264356231373738643138633165663564
38613638373966333361633234366435316637653963316165333737373832376533366133333937
66313930373565663265363336663864383632326633623365396337363463336463336635623736
36666534376130313734303033336536663636313132623265646266343039663639323437333365
34643766636135343361393634336138373633306235643232643163313964373862613338383234
32626262623535613038373066646163393463636234666632303438613833376330306336303562
65373062616231633632313038376539633466643466656136626465653431643135366535346161
62393439333932336132303962363538616637303438383832396566353734303961393564383632
31366563613038643862613538333231363639336366663633303137623763656134663238336461
38383935373138393066633639393166306465313961376261633938393564363566383138383638
32303939633666363965363631303431613634366135393532313465376263653234623432386439
33643736383534353635306139666666613362646437623137366631633263666137336366343037
38666530316238346338303036393562336364393634633938613339626537663661323162333963
37303630663062333033383832393937653765643236663439346132343531376163653363646163
36313162653266656538303739363137393661366464396162613234656232353862653133313638
63323630326664633334316162396633613437333465363763623532633764363139376165363331
36613634316337353364626333663732316330633462666463326161396236623239303331396465
34646261373165323661666338396563353032353264653735386638346562343935643530356538
64376563353038643531343638666465653335626130383939316536373461346165386435653438
30613363663136306463633635356537626233386239306137626465646132363666653565396237
31316564626265626463393836386265393536666438383038653564363964313732353631353863
37633937373137633365383366303533353663643030393135353639303939646132653432343563
39383463336239633537323365386565656131623761353734623762313031356437666464323238
39353263643963336233356339396138316362633638336365376566313566333334313431656466
64613336626363633436353863306536633334623133303837356634373665303464663633383837
38383863326663616434393961646162343236346165326666343136626261663063323537613732
61616263333437373365653834313266653065313938356666393039306331633935636266663864
35316330313163323634363730656338323535373838613835353161623031306638373366363138
37383235663532326233323763396363303461363766376466656332656333633162303830313634
32353933333565646165316665623232633036613233326361623939336662363435303963306262
31393761306135363930303230616364376438653332666463633963333833643762616235323334
33636535383335363963643035323363336433393836336662396436303330383963336637303963
38616133646139373736383133646230373863626362353732396133343665306365623438393538
32353861636630633364656663373635363433643563383764393831666233316662353432383039
31393763346636633365376132613531346664613565616436613563343234376334626262653437
63646330663561336332393130356233626333633333643831653861663031653338376537393238
31633139316363643466363430393033663330313633313161303134376665383036366139323239
35646436373133396138653435363261666563383135383734393133653139363837643338636566
31393966356633393934326163666663356236613830623061313865386237323565376232613730
32396638353832613863353735636461373531336334356466613032613162626163363832313332
65656331626565343966613164306337366564356134643861613531633131326636306439646239
34363762663731623430313933333233323935333535393831313630363632663232356636653534
34383066316239306131653935353230353832366332396630626534343265323361313263616132
39666639363132393461343761643036633235653638363939623863613263326633636162356632
30333462383964383639336666353337653539336539303065353765653365613964626339363535
30663463363934636363323031386433316235383634633739326232393130316333303234643134
38636538306365316361353861623535303838643639643237373636363931623562353839316539
33333539626365383739626334336332613331373862386432613435373536333530613439336565
66656366383337323235633365373534623762346339633132383332323932623265623834353031
32303337396632336133616135613665326330356266346161623231616263336564373338343565
35316230333236386137306663376565626539656364373536363530613730653530353934393031
63623234646362333439616462613762376365373162316234343863336662613235303531653434
34643863666661386361343461353236623666396564323838373065306461643734653261613430
38393935666466303138316236623165653266376231373830653337396463653330353165303436
37643230336331333165396337306339326565633333626230336462373966393633653233366161
37343738636337353338313735366466323434656535613563326538393732633539633738653062
33363835346366363833663861643739363635633465346462633539643436363930396565656562
38313439386539386662326361313539333332616365336430393836663533343664386264343664
66353566346438663330333338633235333635613332356331393532323236663638643639356563
34353961366432326366616662373938623262313538633362346161346431393730623264303235
65613532343131323537303932396430373834376537346331626232653338376564623537393232
62346331636431383137313062383633666365363230646631346633386132323032396532663361
38306435633439396337636263393263383036636234306437366530356463303738383637363862
35366334393439306666663161643230386366353639396130396437376264376230313334393762
61623735623863303333626663356233353539663036616566663630353433306437323661313339
31313137376462356362336664376162363332643030386365613162313432663765366561346135
65653034333631383335313530373962633037623861386432313163333638353438346530643939
38333464613965366266343265636334333366616663353433363432356538386631393736363435
36306136343464626335396561313932316237393538653765353964366261636334346663376463
33643830313335613834333433393636653934326439313163333164353431613766636536323035
35383162316262316532333730393466333966663737346438646266623930633939326436653032
30313533643732306139663036396265663366663765396337383737366432616162626338306538
62653265626638363638353964343633303331623438623135643534373434646235363363626132
39336234303361626566343735316134393361613636623832376631326432343933653361306664
31616165623966326232646636336463663932653938313938316663353166653664376331626632
64326335646232383133643635336237393535383430346366616534626561373565393339346461
36356636346163613366373338363039386465323736343239336231333233393935323031376563
31363339313136626435663230303263363261383230656334653137333866623538313732363462
36363265353763396565313037323365353532656463346135373032306135396131643262393562
66356335373463626161373731363134303565393334323537356664336430303134666165396263
33363237323934386465343536386264626332623131306534656433626337313739303730346634
39636436353132393637666637383064623232663334653436303236303765643534393665383565
33333938653039373138313962636133353661343665363236373138306639356564613538663839
38343838383135633438353634306362623332326437653433663730653262633930303137373532
62646137626434363437613464376564356134396637636161393462633834643935313438326538
38373732333132663431313332366261363363616437306535303239343034343838393133306632
61613134643237653064383635356366653161616530633037363532663961633638666330313364
34623666346234303261336339643430613139326231333438653462353837363338363338343538
33356462343537353831356430393863303936633430303235623564326133623161653036376432
62626336623564303365396134633266313133343934393438323236613738343031
